Results:
1 1 1
2 2 0
3 3 1
4 5 0
5 7 3
6 11 0
7 15 3
8 22 2
9 30 5
10 42 2
11 56 3
12 77 10
13 101 9
14 135 10
15 176 9
16 231 14
17 297 17
18 385 14
19 490 23
20 627 42
21 792 45
22 1002 28
23 1255 55
24 1575 74
25 1958 67
26 2436 96
27 3010 107
28 3718 136
29 4565 177
30 5604 220
31 6842 241
32 8349 302
33 10143 315
34 12310 422
35 14883 421
36 17977 542
37 21637 641
38 26015 812
39 31185 877
40 37338 1022
41 44583 1221
42 53174 1490
43 63261 1655
44 75175 1970
45 89134 2173
46 105558 2754
47 124754 3117
48 147273 3542
49 173525 3993
50 204226 4976
51 239943 5485
52 281589 6508
53 329931 7477
54 386155 8758
55 451276 9859
56 526823 11530
57 614154 13189
58 715220 15152
59 831820 17503
60 966467 20106
61 1121505 22943
62 1300156 26436
63 1505499 30527
64 1741630 34624
65 2012558 39715
66 2323520 45456
67 2679689 51595
68 3087735 59752
69 3554345 67245
70 4087968 76688
71 4697205 87977
72 5392783 99212
73 6185689 112221
74 7089500 128746
75 8118264 145481
76 9289091 165426
77 10619863 188193
78 12132164 210864
79 13848650 240353
80 15796476 270142
81 18004327 307365
82 20506255 345732
83 23338469 390295
84 26543660 439090
85 30167357 496109
86 34262962 558500
87 38887673 630305
88 44108109 710768
89 49995925 796641
90 56634173 897964
91 64112359 1007243
92 72533807 1131506
93 82010177 1269553
94 92669720 1426284
95 104651419 1596957
96 118114304 1789396
97 133230930 2006333
98 150198136 2244092
99 169229875 2512815
100 190569292 2806958
101 214481126 3146183
102 241265379 3508750
103 271248950 3924301
104 304801365 4382288
105 342325709 4884751
106 384276336 5457328
107 431149389 6078327
108 483502844 6780834
109 541946240 7556697
110 607163746 8418344
111 679903203 9356429
112 761002156 10410040
113 851376628 11591013
114 952050665 12875684
115 1064144451 14306183
116 1188908248 15892920
117 1327710076 17661907
118 1482074143 19598756
119 1653668665 21752785
120 1844349560 24125104
121 2056148051 26743641
122 2291320912 29659402
123 2552338241 32865419
124 2841940500 36382912
125 3163127352 40277021
126 3519222692 44596700
127 3913864295 49321541
128 4351078600 54570734
129 4835271870 60347565
130 5371315400 66662800
